0 0 1 0 2 0 3 0 4 0 5 0 6 0 7 0
8 0 9 0 10 0 11 0 12 0 13 0 14 0 15 0
16 0 17 0 18 0 19 0 20 0 21 0 22 0 23 0
24 0 25 0 26 0 27 0 28 0 29 0 30 0 31 0
32 0 33 0 34 0 35 0 36 0 37 0 38 0 39 0
40 0 41 0 42 0 43 0 44 0 45 0 46 0 47 0
48 0 49 0 50 0 51 0 52 0 53 0 54 0 55 0
56 0 57 0 58 0 59 0 60 0 61 0 62 0 63 0
64 7 65 7 66 0 67 0 68 0 69 0 70 0 71 0
72 7 73 1 74 7 75 0 76 0 77 0 78 0 79 0
80 7 81 1 82 1 83 7 84 0 85 0 86 0 87 0
88 7 89 1 90 1 91 1 92 7 93 7 94 0 95 0
96 7 97 1 98 1 99 1 100 1 101 7 102 0 103 0
104 7 105 1 106 1 107 7 108 7 109 0 110 0 111 0
112 7 113 1 114 7 115 1 116 7 117 0 118 0 119 0
120 7 121 7 122 0 123 7 124 7 125 0 126 0 127 0
128 0 129 0 130 0 131 0 132 0 133 0 134 0 135 4
136 0 137 0 138 0 139 0 140 4 141 4 142 4 143 0
144 0 145 0 146 0 147 4 148 0 149 0 150 4 151 0
152 0 153 2 154 2 155 4 156 0 157 0 158 4 159 0
160 2 161 1 162 2 163 2 164 0 165 2 166 3 167 0
168 2 169 2 169 2 170 5 171 2 172 1 173 4 175 2
176 0 177 2 178 2 179 0 180 2 181 2 182 2 183 2
184 0 185 0 186 0 187 0 188 0 189 2 190 2 191 0